

Agent Public PreKey Buffer: [122, 177, 84, 154, 254, 252, 183, 71, 97, 167, 26, 121, 255, 222, 99, 38, 9, 169, 88, 254, 102, 128, 172, 168, 147, 82, 89, 131, 31, 134, 88, 11]Agent Public Key: VerifyingKey(CompressedEdwardsY: [180, 66, 97, 95, 115, 52, 99, 221, 23, 23, 250, 206, 95, 213, 95, 20, 104, 251, 15, 92, 185, 119, 215, 181, 9, 32, 175, 113, 127, 114, 69, 194]), EdwardsPoint{
        X: FieldElement51([1320142269041317, 1183571163786855, 928972352264398, 682699491116258, 239090383495041]),
        Y: FieldElement51([902095056224948, 1119162225327020, 70289829494613, 5338304339118, 1165856658103026]),
        Z: FieldElement51([1, 0, 0, 0, 0]),
        T: FieldElement51([927582878267581, 1334794311869213, 289556910453698, 301092581939930, 1349513716189821])
})Signature: ed25519::Signature { R: 0x7978ee6daaf7818417edc7b2018e570484ed4d60be2bf40794b42c5416fb9b0b, s: 0x3b3dc62a147c540ff4191898b3dba08ef816ee98ae452da8fd51241e1ebccf0d }Error executing command!: Internal error: Signature is not valid




